89749169112
77011113106
75411233803
27071935873
40292316838
48694595804
37534421737
78100902113
38145193020
72520469801
39462284566
73812472381
32956498858
70927455621
26942680793
25438797452
51056249640
72022097952
30302908634
43041736710
31210320994
43651236125
90852889038
54040983821
17770056776
70679303119
82952550841
80049127424
86445746354
53953996776
42484556324
48392779911
12500032367
71947187506
70661459661
39878160793
97771635734
37228587904
13599976285
27000995565
97972618502
86742409199
27151426384
28276773004
43222341896
65566813687
32587335877
47240043336
84053110034
70994914856
18285988479
85307915388
76373062039
66856149602
86964480744
32970514677
81912335038
73150581200
24152814117
24567423293
81373446423
76794252994
19858159017
69418328938
33300938042
45835115816
23626570310
60954781617
88273562433
89724072331
63968484999
99536518765
21269301467
18241622878
30157848909
72555639100
51555083340
62760436187
42252697878
34508395306
89995521696
84881403242
47779204350
70006363855
78578822617
68917000828
99580651632
72837254618
35679975181
47335702781
32530830088
17173608729
84223037093
64264768533
24621284351
90171232884
18002168388
76500761892
32039133763
21260015076
26963733066
15584551518
34203577542
88535674539
89434112316
90623918896
24015911178
47745230999
40215543974
75546830390
65051759359
57398091235
86901492389
27139226337
29308328200
53421002984
59183647766
15874499863
46860237814
52834178116
46621249349
43466046386
37125863051
22529815178
77597530399
74551367017
28990148859
70217059301
62666020741
79063917053
87676426680
98198681402
33247354959
99238436422
65219316494
47647387525
19418832702
29900521856
94068009834
44973610131
78686558541
18059996136
93008550499
66652700104
15771570474
53030078629
43734376523
70351022792
43371957526
73206471377
30329677336
66546511771
85439187510
36071988051
33597536347
94334268417
64079008457
76767041039
77405893304
90235731688
39874049514
59985184531
51524507788
45103500207
67779260330
37866331631
34919069540
39823789014
60492448337
59150189690
97666690395
57091041688
41204480027
29827756554
16053612620
68899087004
70565979313
54080615102
76490154499
16320590240
56446213708
33099271192
95920819214
68501870034
88544674304
20886512672
74727674986
15890974086
60600917764
64935640179
92083083763
85832454050
65684157658
40002232067
46614758210
37378664099
47167555135
58407330272
40349435295
60478461722
32651027943
84581744951
53677367029
82693567154
88306287313
50231912343
20937283990
48417226251
18635669616
18662667451
16034758357
51596807784
28191795450
42900955330
94494265034
90401705089
66522191224
37854829738
18445512088
42578592680
33086928039
67107004010
55343287171
77392353150
20005722769
36873410119
36761485415
42703914071
35679210962
76813187905
68577748604
31568466928
80346383983
21779920165
81407551769
44830997782
56392417051
61600717904
74721692451
18146749139
84409422101
25175633198
40704578288
81763406953
30325456728
85110810944
25746497093
11480877008
19840080562
19728834886
78733307421
81826117353
12894348830
81513765590
78638350322
74400979290
16247532911
52843556889
57699954902
64167785127
22723716224
19383377862
96488761859
54372586260
51807508208
73196082339
74985264702
62259336199
30496976858
25325516559
17086541036
36542867856
46233596789
16035984384
44103078241
51912530303
52679539768
79420917911
39703591634
54414610421
54368002141
13778255903
87468003102
95489017685
54213034204
77387348683
37344972835
31152514443
20089176546
73018093501
66494087075
47375988450
20345546363
41065062708
55372124505
14248844173
38508128968
84771016544
82488931265
52173092738
57359678405
46301165451
12005386675
14947595193
95913531179
84530857359
87119497663
22848677543
26432048487
16127498314
23778289109
83853464107
14602859149
88563387037
95721458002
94914849185
31423064438
93311198025
86730193881
65626988274
66052593108
85759802158
43850580937
12629555272
72874034936
54953341405
54905763009
77717274988
46768293116
97787292845
50281684591
48853424508
34681294434
83296054221
42378709892
27663646678
56510806030
34271981222
27234644030
57006664037
56650794198
78990513223
62292585625
26409391724
50442435210
68098920565
89102664673
77434068478
47842375574
11650396259
63394851488
88757712221
34277893174
11388323816
84267587568
30277123154
70239400122
50114302071
50721854872
29539871894
92424194478
27024832569
35155780241
87265118691
29885181521
73531961556
31502180783
42701243349
77013772994
24935653499
81538798624
38521769897
46482432306
50822632211
25391336247
45791696010
56591494789
30836578841
39942622645
55921782777
36975740675
65782509333
12522008968
15780961819
84343919128
62779383832
35823109017
37334635043
56776757687
37458899869
34361367222
56632415261
99019782624
93265801467
81280131971
20629648102
81684743102
29338545903
95384028266
90672886545
24986553290
49278401975
23386314541
68238940411
17172433619
11734984419
97295701949
53458456256
12070535073
30865330272
41999880183
99230225775
57749568352
71957396514
65196782165
64345885254
35673284953
52139363782
43778588974
31028871561
49327026464
36739277526
70014697065
71367307032
47610251287
44027072744
94777767205
63187816978
96725173514
37006311441
23511544844
98997642209
39599955380
67894523556
35848714958
98966781452
53514984860
35008081406
88775498788
80371606692
71007660869
71574668911
23919769168
43261048486
92024006785
79195369609
36983236291
89243396476
35961462784
91965134177
36431335911
61535830996
82718483585
36653552337
66203317125
83917562820
16312683856
12736005580
13778177301
31720852487
64061432262
20355775329
34454757716
58785622169
16144332765
49019283326
54320578730
65712499466
46770132868
31327632933
68313832567
50405016087
61927007666
39567431374
83830083548
89962089745
27711069327
73114859286
97051945193
44225196212
80666069173
93400328259
80928742739
34183780354
89868206712
42165258546
98802952266
60068889142
31912061417
75519932347
20373799055
78846916093
44710942595
12250435538
63740095240
95167286614
21204214662
89523348482
94743098605
69339784556
56762054297
18640318401
33225419986
46594704548
11218302003
94340616182
32576964486
11300911861
29703377376
43159458756
69936908386
74096124855
83804864657
54594179105
64249722399
14051014627
60711281884
31047295772
97128283157
41336785503
50894464901
21867442161
42844680169
26679950754
64664341134
28331779801
60066687745
72582292830
29663793681
94809891470
79462237000
60083738364
86431663235
35601592436
15070929637
79275737566
67182907289
92021673122
95390672383
14668563628
22850804830
89968866675
22913835368
28697121980
80418369510
27837992283
78559255404
71447841131
81335682522
25172007633
71207533246
99780685786
34301601906
77073163296
84806028632
83589184796
67350155323
37712653743
13464856993
73367418702
61981218515
73610929590
93280373966
62252741752
62388526879
20598478367
35691524134
64961892819
72129137519
68557995053
78881725924
20322002665
41074182752
50225868079
30758987780
39567168540
68284587096
69094654780
59752955932
85797132434
95553407253
88930844185
41171636331
14110531807
90822716117
19574496482
16588261279
81696509836
68294059193
53493519617
99530916681
98788106171
74787503434
28823837122
63143556569
29543428200
99042254308
54376089056
70514789915
70946910444
27184322277
97508368551
96707435437
30944259938
19100587913
85254438233
51858209564
91988070451
94303144955
14583574173
90420626263
61155202908
22892137391
74487448362
89849665077
30752370285
85249443686
22263334844
59573676882
91163176003
59038466757
59388905806
32088831913
62628911444
70818794682
21947255462
85927734080
58538592888
33959674959
13687129272
83160675734
99885492524
19795871885
71579849066
71639265671
39955626844
37031343001
43375996807
59468402586
77857391856
78233466405
32280508865
48634292891
20052144679
19213893845
89974811217
38564140291
79872390948
57228889184
15310530181
29417755916
28905499372
30076465687
17478327042
76710897087
32943974531
78362417881
99301767751
44940154225
67104598633
57363270901
29294575712
92873942599
83436822371
22314150577
64097609869
69627511568
27838074395
35278472118
36639132442
25762325654
50852091662
62664916699
96021378558
78869801957
43142112374
49364275470
98726946343
35554591268
22816270339
22758804760
44028101838
37521438846
37765796736
93464753770
93863551438
17157590440
29059157371
42712741758
36074670468
78983593155
12804820458
19251577330
21670580289
76140151944
94026452773
92357205308
85090250045
53509608604
80630787489
54305995015
26864398386
61564230817
74665054367
14310968316
49044286163
97804885375
83894073257
20559286058
41868939622
60819064718
25011276811
14650633727
36934213692
81155225273
71826823989
14259441117
29937596598
32113948149
56650029472
40956258125
33215893523
71711203850
22203754392
84973078642
79608764093
24710111764
18284289143
28985429870
91251345831
71944047050
62861093845
97344677352
96034722882
24660992867
35182328223
56471381909
54646780375
35622048630
27951394060
46319217165
59881839692
76336355393
77271144193
66841795511
24661915689
17007492914
11701619919
14327532168
25775472688
91287945433
73622442482
95307468637
41075948412
35649919218
72046504900
73297721005
99031084732
38211925021
42525370631
49594186621
74801404902
95009376557
57736927594
67965765092
82846174626
13731596948
38558534060
18958529838
60851651666
65702583808
86110433483
15090731227
48884613693
86579439419
91973576505
11917197645
23780090597
55505900104
25624537882
86164247275
17588038944
70425214979
96050809644
51497404336
12508398328
64797384633
94898382037
39754533210
43993788527
38907836640
33557369020
93853348435
80811615945
73539808372
54994116038
68963780785
49112308677
16533084031
92488960001
35695854685
34501293933
34954912396
84486359027
32646278189
61690361468
92617341792
32150898783
33131042400
89918544761
49026331660
74740540848
23081741235
90975947937
96727261980
92963804054
20669471908
22221717843
50047337605
58607860903
52251416293
71210828812
83104967935
97651134075
48175847228
36239341686
98164428300
77252400426
61109656969
84388395532
31062321369
77156838872
69752034893
56930008564
77481418659
83599177216
67473384284
83458030072
58543077853
23331976970
39228084363
73524725907
12314571754
70580735920
42584118516
23935277790
68718681951
80242541319
29872155900
22052034048
42425519290
87241578859
84833159431
50713793266
53477188700
88817509115
88455581432
68805504102
53339546992
19333649348
26791045753
78028355839
63377548236
89962350684
42578141008
45821462780
58071570319
17956161961
17033077563
36943356529
24560682057
21875403203
72743861181
63654024753
15853027352
79993793830
41511493571
67353957317
33695902828
83436662298
46053632216
13640955038
79030809221
81621324383
53344344860
66366625108
82443618180
50493162955
12632759103
34304557326
88416278859
31101247302
94846886788
59258495746
79323727663
62298945718
53528305418
66841997988
44711277935
40580163509
31204082628
94296103982
79214905060
70839961101
20012947494
60625475933
36257635353
14258323560
54386110079
76636272727
14185770364
37165746970
52032087204
12072004596
81487311941
70243050877
16070445230
28388429360
74949684668
11052058298
63817467255
35414118703
56083175515
83514719941
59243482990
85071936436
76167832555
39212406921
83895892744
50959641745
51300100070
64751737455
60728263362
50517403334
16538651021
63507232735
12423970559
37549837571
75478068836
56992759108
96536331011
24990930681
45618465807
68114088112
57427852325
46413303002
39207956586
55369035818
95239046771
65793482397
96744735025
80504110607
46777654572
71461453882
61337980893
88074715970
97004076763
74235349987
35804632410
56864018615
85069866049
25374104232
53064201851
22850451173
47193966119
49595840187
26194714233
30908364259
21248867101
85832249459
78233353124
49945513143
58966900521
44274814760
31010281774
24372210280
17713374003
44976080512
34647470454
50179427130
93924333633
78829384340
92657148006
24897602125
35711741096
56305562089
24645302309
44890899879
72981481253
60023518525
65844244589
89823314422
39357669605
84458980827
60700101163
99534340297
97626597409
76779233505
46647980414
71273649642
